image_width: 640
image_height: 480
camera_name: head_camera
camera_matrix:
  rows: 3
  cols: 3
  data: [793.729710, 0.000000, 394.921485, 0.000000, 747.782252, 204.661797, 0.000000, 0.000000, 1.000000]
distortion_model: plumb_bob
distortion_coefficients:
  rows: 1
  cols: 5
  data: [0.000590, 0.212763, -0.023879, 0.024004, 0.000000]
rectification_matrix:
  rows: 3
  cols: 3
  data: [1.000000, 0.000000, 0.000000, 0.000000, 1.000000, 0.000000, 0.000000, 0.000000, 1.000000]
projection_matrix:
  rows: 3
  cols: 4
  data: [803.192322, 0.000000, 401.587376, 0.000000, 0.000000, 757.523804, 198.179099, 0.000000, 0.000000, 0.000000, 1.000000, 0.000000]
