image_width: 640
image_height: 480
camera_name: camera
camera_matrix:
  rows: 3
  cols: 3
  data: [667.160932, 0.000000, 311.106258, 0.000000, 657.246712, 225.020482, 0.000000, 0.000000, 1.000000]
distortion_model: plumb_bob
distortion_coefficients:
  rows: 1
  cols: 5
  data: [0.229616, -1.160485, -0.011734, -0.015240, 0.000000]
rectification_matrix:
  rows: 3
  cols: 3
  data: [1.000000, 0.000000, 0.000000, 0.000000, 1.000000, 0.000000, 0.000000, 0.000000, 1.000000]
projection_matrix:
  rows: 3
  cols: 4
  data: [1396.467529, 0.000000, 639.273704, 0.000000, 0.000000, 1437.871948, 479.220172, 0.000000, 0.000000, 0.000000, 1.000000, 0.000000]
