image: ./playground_smaller.pgm
resolution: 0.050000
origin: [-12.8062495, -12.8062495, 0.000000]
negate: 0
occupied_thresh: 0.65
free_thresh: 0.196

